20 0 0 0 0 1 0 0 0 
40 0 0 0 0 1 0 0 0 
60 0 0 0 0 1 0 0 0 
80 0 0 0 0 1 0 0 0 
100 0 0 0 0 1 0 0 0 
120 0 0 0 0 1 0 0 0 
140 0 0 0 0 0.5 0.5 0 0 
160 0 0 0 0 0.5 0.5 0 0 
180 0 0 0 0 0.5 0.5 0 0 
200 0 0 0 0 0.5 0.5 0 0 
220 0 0 0 0 0.5 0.5 0 0 
240 0 0 0 0 0.5 0.5 0 0 
260 0 0 0 0 0.333333 0.666667 0 0 
280 0 0 0 0 0.25 0.5 0.25 0 
300 0 0 0 0 0.2 0.4 0.4 0 
320 0 0 0 0 0.2 0.4 0.2 0.2 
340 0 0 0 0 0.2 0.4 0.2 0.2 
360 0 0 0 0 0.2 0.4 0.2 0.2 
380 0 0 0 0 0.2 0.4 0.2 0.2 
400 0 0 0 0 0.2 0.4 0.2 0.2 
420 0 0 0 0 0.2 0.4 0.2 0.2 
440 0 0 0 0 0.166667 0.333333 0.166667 0.333333 
460 0 0 0 0 0.142857 0.285714 0.285714 0.285714 
480 0 0 0 0 0.111111 0.222222 0.222222 0.444444 
500 0 0 0 0 0.1 0.2 0.4 0.3 
520 0 0 0 0 0.1 0.3 0.3 0.3 
540 0 0 0 0 0.2 0.2 0.3 0.3 
560 0 0 0 0.0909091 0.0909091 0.181818 0.363636 0.272727 
580 0 0 0 0.153846 0.0769231 0.307692 0.230769 0.230769 
600 0 0 0.0769231 0.0769231 0.153846 0.230769 0.230769 0.230769 
620 0 0 0.0769231 0.0769231 0.153846 0.230769 0.230769 0.230769 
640 0 0 0.0666667 0.0666667 0.133333 0.266667 0.266667 0.2 
660 0 0 0.0526316 0.0526316 0.263158 0.157895 0.263158 0.210526 
680 0 0 0.047619 0.0952381 0.190476 0.190476 0.285714 0.190476 
700 0 0 0.0454545 0.136364 0.136364 0.181818 0.272727 0.227273 
720 0 0 0.0869565 0.0869565 0.130435 0.26087 0.217391 0.217391 
740 0 0.0384615 0.0384615 0.0769231 0.230769 0.230769 0.192308 0.192308 
760 0 0.0645161 0.0322581 0.16129 0.129032 0.193548 0.225806 0.193548 
780 0.027027 0.027027 0.135135 0.0810811 0.162162 0.135135 0.243243 0.189189 
800 0.025 0.05 0.075 0.125 0.125 0.15 0.2 0.25 
820 0.0222222 0.0444444 0.0888889 0.111111 0.111111 0.222222 0.177778 0.222222 
840 0.0204082 0.0612245 0.102041 0.102041 0.142857 0.183673 0.183673 0.204082 
860 0.0344828 0.0689655 0.0689655 0.103448 0.137931 0.137931 0.172414 0.275862 
880 0.0666667 0.05 0.0833333 0.1 0.133333 0.15 0.2 0.216667 
900 0.0714286 0.0571429 0.0714286 0.142857 0.114286 0.157143 0.185714 0.2 
920 0.0909091 0.0649351 0.0909091 0.0909091 0.12987 0.155844 0.181818 0.194805 
940 0.0752688 0.0645161 0.0752688 0.0967742 0.11828 0.182796 0.204301 0.182796 
960 0.0686275 0.0588235 0.0882353 0.107843 0.176471 0.147059 0.176471 0.176471 
980 0.0810811 0.0810811 0.0810811 0.117117 0.135135 0.162162 0.18018 0.162162 
1000 0.0692308 0.0769231 0.0846154 0.0923077 0.146154 0.161538 0.2 0.169231 
1020 0.0633803 0.0704225 0.0774648 0.112676 0.133803 0.169014 0.183099 0.190141 
1040 0.0691824 0.0691824 0.0943396 0.100629 0.138365 0.163522 0.169811 0.194969 
1060 0.0611111 0.0777778 0.0944444 0.122222 0.127778 0.15 0.183333 0.183333 
1080 0.062201 0.076555 0.105263 0.119617 0.143541 0.162679 0.167464 0.162679 
1100 0.0720339 0.0805085 0.101695 0.118644 0.148305 0.144068 0.169492 0.165254 
1120 0.0797101 0.0869565 0.0869565 0.126812 0.123188 0.17029 0.148551 0.177536 
1140 0.0776699 0.0809061 0.106796 0.116505 0.145631 0.139159 0.161812 0.171521 
1160 0.0771429 0.0971429 0.0914286 0.134286 0.12 0.157143 0.148571 0.174286 
1180 0.0848329 0.0822622 0.118252 0.107969 0.131105 0.141388 0.161954 0.172237 
1200 0.0831461 0.0921348 0.0966292 0.116854 0.123596 0.150562 0.175281 0.161798 
1220 0.0936255 0.0876494 0.103586 0.10757 0.141434 0.14741 0.161355 0.157371 
1240 0.0852174 0.10087 0.102609 0.132174 0.125217 0.146087 0.149565 0.158261 
1260 0.0964778 0.104135 0.113323 0.114855 0.130168 0.14242 0.150077 0.148545 
1280 0.0966851 0.107735 0.104972 0.122928 0.127072 0.140884 0.149171 0.150552 
1300 0.100124 0.0964153 0.116193 0.124845 0.134734 0.137206 0.148331 0.142151 
1320 0.106593 0.101099 0.115385 0.130769 0.125275 0.135165 0.13956 0.146154 
1340 0.104847 0.110781 0.113749 0.120673 0.130564 0.137488 0.135509 0.14639 
1360 0.111111 0.111979 0.116319 0.123264 0.125 0.140625 0.138889 0.132812 
1380 0.109244 0.110008 0.118411 0.116883 0.138273 0.134454 0.132926 0.139801 
1400 0.107978 0.114856 0.111417 0.127923 0.126547 0.134113 0.141678 0.135488 
1420 0.107209 0.10536 0.120764 0.123229 0.12939 0.138632 0.134935 0.140481 
1440 0.107979 0.112766 0.110638 0.129787 0.137234 0.129787 0.133511 0.138298 
1460 0.108325 0.109745 0.117313 0.12299 0.1386 0.131031 0.139073 0.132923 
1480 0.106276 0.112552 0.113808 0.127615 0.130126 0.132218 0.140167 0.137238 
1500 0.107948 0.108318 0.121627 0.123475 0.127172 0.136784 0.134935 0.139741 
1520 0.104609 0.115397 0.119974 0.122916 0.129127 0.130762 0.140896 0.136319 
1540 0.111079 0.113703 0.117784 0.123907 0.130029 0.134985 0.133819 0.134694 
1560 0.111312 0.114919 0.119814 0.121103 0.126771 0.134759 0.135532 0.13579 
1580 0.110552 0.115816 0.116045 0.123827 0.128862 0.12932 0.138476 0.137102 
1600 0.11292 0.112716 0.11882 0.123703 0.124924 0.134893 0.135707 0.136317 
1620 0.110273 0.115841 0.121947 0.119253 0.128053 0.131825 0.133621 0.139188 
1640 0.112939 0.116294 0.118371 0.125399 0.125399 0.129393 0.138498 0.133706 
1660 0.115188 0.119439 0.121139 0.121139 0.128507 0.12964 0.129073 0.135874 
1680 0.11786 0.119985 0.11786 0.121735 0.128609 0.127609 0.132733 0.133608 
1700 0.117925 0.117376 0.119022 0.124616 0.126042 0.132624 0.129552 0.132843 
1720 0.117573 0.118932 0.121553 0.123495 0.128932 0.125728 0.132816 0.130971 
1740 0.119226 0.120344 0.121806 0.125247 0.124129 0.130581 0.128 0.130667 
1760 0.120042 0.119285 0.122616 0.122843 0.126552 0.126627 0.13079 0.131244 
1780 0.120584 0.121122 0.121122 0.125564 0.12516 0.128255 0.128255 0.129937 
1800 0.120658 0.120836 0.123092 0.122736 0.127724 0.126536 0.130159 0.128258 
1820 0.121531 0.12106 0.122421 0.124149 0.126191 0.127762 0.127448 0.129438 
1840 0.122582 0.121657 0.123739 0.122212 0.12559 0.127765 0.12795 0.128505 
1860 0.122189 0.122395 0.122066 0.123425 0.125855 0.126184 0.128531 0.129355 
1880 0.120799 0.121309 0.121783 0.1251 0.125793 0.126048 0.128381 0.130787 
1900 0.121606 0.121091 0.123182 0.123665 0.125595 0.127107 0.127654 0.130099 
1920 0.122535 0.122165 0.122421 0.12441 0.12441 0.127991 0.127337 0.12873 
1940 0.122993 0.12204 0.123921 0.122692 0.125652 0.126355 0.12791 0.128437 
1960 0.123007 0.123007 0.122786 0.124934 0.125 0.126151 0.126572 0.128542 
1980 0.123474 0.122771 0.123494 0.123591 0.125173 0.125173 0.127849 0.128474 
2000 0.122025 0.123614 0.123804 0.124529 0.123977 0.12712 0.127086 0.127846 
2020 0.124012 0.123033 0.12392 0.123798 0.125923 0.125174 0.126994 0.127147 
2040 0.123374 0.122752 0.124334 0.125051 0.124753 0.126376 0.126673 0.126687 
2060 0.122454 0.123889 0.124535 0.124021 0.125707 0.125707 0.126676 0.127011 
2080 0.122933 0.123314 0.124269 0.125159 0.125297 0.126484 0.125827 0.126717 
2100 0.123362 0.123447 0.124178 0.124591 0.125707 0.125585 0.126748 0.126382 
2120 0.123271 0.123453 0.123685 0.125101 0.125375 0.126452 0.126145 0.126518 
2140 0.123129 0.123495 0.123943 0.124287 0.12579 0.125856 0.126736 0.126765 
2160 0.123202 0.123714 0.124161 0.124944 0.12532 0.126155 0.125598 0.126906 
2180 0.123629 0.123583 0.125014 0.124705 0.125809 0.125014 0.126501 0.125746 
2200 0.123677 0.124856 0.124072 0.125276 0.125089 0.125747 0.125332 0.12595 
2220 0.124355 0.124194 0.124936 0.124874 0.12533 0.125343 0.12537 0.125598 
2240 0.124324 0.124518 0.124467 0.124459 0.125159 0.125771 0.125558 0.125744 
2260 0.124527 0.124998 0.124523 0.124768 0.124956 0.125201 0.125826 0.125201 
2280 0.124408 0.124916 0.124778 0.124549 0.12524 0.125286 0.125333 0.12549 
2300 0.125018 0.124761 0.124289 0.124789 0.124892 0.125416 0.125408 0.125427 
2320 0.125262 0.124649 0.124664 0.124644 0.125107 0.12489 0.125329 0.125455 
2340 0.125103 0.125263 0.124404 0.124865 0.124986 0.125116 0.124924 0.125338 
2360 0.125082 0.124706 0.124755 0.124995 0.125165 0.124995 0.125066 0.125236 
2380 0.124737 0.12478 0.124902 0.125163 0.1251 0.125137 0.12506 0.125122 
2400 0.12462 0.12451 0.125059 0.125482 0.124972 0.125039 0.124965 0.125353 
2420 0.12439 0.12494 0.124765 0.125147 0.125293 0.125078 0.125264 0.125122 
2440 0.124711 0.124582 0.125151 0.125151 0.125098 0.125159 0.125144 0.125007 
2460 0.12466 0.124803 0.124965 0.125021 0.125069 0.125287 0.125133 0.125062 
2480 0.124901 0.12495 0.125008 0.125018 0.124772 0.125065 0.12519 0.125095 
2500 0.12509 0.124862 0.124927 0.124942 0.12486 0.125014 0.12506 0.125246 
